2 552065
3 273374
4 177043
5 122409
6 87496
7 64944
8 51418
9 42808
10 37514
11 31432
12 27330
13 23331
14 19264
15 16282
16 14300
17 12814
18 11232
19 10092
20 8812
21 8676
22 8075
23 7271
24 6763
25 6265
26 5793
27 5299
28 5063
29 4954
30 4655
31 4452
32 4294
33 4151
34 3961
35 3715
36 3399
37 3110
38 2825
39 2720
40 2440
41 2342
42 2061
43 1945
44 2016
45 1785
46 1665
47 1544
48 1485
49 1401
50 1329
51 1331
52 1204
53 1236
54 1170
55 1121
56 1074
57 936
58 1013
59 939
60 931
61 893
62 875
63 826
64 884
65 891
66 802
67 751
68 770
69 886
70 805
71 794
72 770
73 752
74 849
75 887
76 799
77 928
78 902
79 942
80 938
81 994
82 1045
83 1105
84 1152
85 1100
86 1128
87 1102
88 1215
89 1387
90 1304
91 1411
92 1374
93 1443
94 1540
95 1619
96 1570
97 1478
98 1527
99 1652
100 1677
101 1634
102 1696
103 1704
104 1704
105 1728
106 1648
107 1569
108 1672
109 1676
110 1805
111 1747
112 1698
113 1709
114 1700
115 1572
116 1610
117 1685
118 1624
119 1620
120 1591
121 1583
122 1446
123 1451
124 1329
125 1261
126 1194
127 1152
128 1048
129 1041
130 1006
131 955
132 935
133 873
134 838
135 869
136 846
137 857
138 801
139 816
140 814
141 793
142 781
143 729
144 725
145 691
146 627
147 697
148 575
149 530
150 488
151 458
152 499
153 408
154 398
155 390
156 365
157 364
158 369
159 306
160 302
161 287
162 283
163 283
164 256
165 233
166 210
167 182
168 162
169 141
170 126
171 105
172 96
173 90
174 84
175 78
176 85
177 89
178 75
179 76
180 85
181 79
182 90
183 80
184 87
185 70
186 60
187 64
188 65
189 64
190 60
191 57
192 61
193 56
194 53
195 46
196 56
197 49
198 47
199 65
200 43
201 43
202 48
203 44
204 43
205 48
206 45
207 28
208 28
209 37
210 31
211 47
212 46
213 31
214 43
215 40
216 33
217 37
218 53
219 45
220 43
221 47
222 50
223 50
224 41
225 42
226 42
227 42
228 34
229 42
230 53
231 49
232 38
233 43
234 47
235 41
236 44
237 42
238 40
239 35
240 39
241 30
242 31
243 22
244 27
245 27
246 33
247 20
248 23
249 24
250 35
251 28
252 24
253 35
254 19
255 3366
