2 447599
3 63207
4 21567
5 11795
6 7738
7 6187
8 4954
9 4574
10 4437
11 4796
12 4832
13 5086
14 5258
15 5534
16 6380
17 7060
18 7225
19 7576
20 8251
21 8819
22 9183
23 9745
24 10295
25 11390
26 11909
27 12786
28 13716
29 14921
30 16202
31 17500
32 18645
33 19720
34 21505
35 22424
36 23769
37 25386
38 27574
39 29034
40 30760
41 32491
42 35548
43 37875
44 39430
45 42135
46 44809
47 46988
48 50323
49 53063
50 55024
51 58173
52 61572
53 65042
54 68329
55 71636
56 75903
57 79598
58 82629
59 85862
60 88112
61 90585
62 93071
63 95299
64 98219
65 98912
66 99932
67 99129
68 100013
69 99953
70 98836
71 98156
72 96453
73 94310
74 92653
75 90973
76 86951
77 84160
78 81306
79 78734
80 75703
81 72583
82 68161
83 64463
84 60956
85 57453
86 54271
87 51434
88 48324
89 45158
90 42563
91 40023
92 37477
93 35264
94 33187
95 30529
96 27945
97 26137
98 23658
99 21483
100 19681
101 18012
102 16382
103 15233
104 14013
105 12534
106 11629
107 10377
108 9554
109 8704
110 7772
111 7074
112 6719
113 5988
114 5266
115 4741
116 4175
117 3732
118 3586
119 3196
120 2846
121 2564
122 2263
123 1990
124 1773
125 1557
126 1358
127 1266
128 1037
129 933
130 900
131 777
132 695
133 692
134 573
135 525
136 463
137 438
138 393
139 356
140 312
141 318
142 277
143 227
144 226
145 202
146 206
147 208
148 167
149 164
150 168
151 171
152 134
153 175
154 155
155 177
156 148
157 181
158 154
159 183
160 183
161 158
162 169
163 129
164 151
165 147
166 170
167 155
168 147
169 124
170 103
171 108
172 105
173 110
174 120
175 101
176 114
177 100
178 101
179 129
180 134
181 118
182 107
183 104
184 88
185 106
186 94
187 99
188 99
189 135
190 111
191 107
192 114
193 111
194 95
195 119
196 99
197 99
198 84
199 90
200 103
201 111
202 91
203 107
204 83
205 89
206 65
207 69
208 86
209 77
210 75
211 85
212 84
213 61
214 86
215 69
216 65
217 65
218 56
219 50
220 52
221 58
222 58
223 62
224 57
225 60
226 57
227 59
228 59
229 50
230 37
231 49
232 44
233 56
234 49
235 55
236 36
237 37
238 34
239 38
240 38
241 51
242 67
243 57
244 59
245 54
246 63
247 57
248 55
249 34
250 34
251 38
252 38
253 46
254 46
255 12046
